[TreeExpandedChar]
CurExpandedChar_NEWTREE_PRIM0=7
ExpandedChar_NEWTREE_PRIM0=656E73656D626C655F6D6F6E7465000000000000000000000000000000000000426173650000000000000000000000000000000000000000000000000000000020415353454D424C41474520415845204C495353452D31000000000000000000617373656D626C61676520417865204C697373652D31000000000000000000004C697373652D310000000000000000000000000000000000000000000000000020415353454D424C414745204D414E4956454C4C452D310000000000000000004C696169736F6E73000000000000000000000000000000000000000000000000476C697373656D656E747300000000000000000000000000000000000000000045
CurExpandedChar_NEWTREE_PRIM1=8
ExpandedChar_NEWTREE_PRIM1=656E73656D626C655F6D6F6E74650000000000000000000000000000000000004261736500000000000000000000000000000000000000000000000000000000617373656D626C61676520426174692B50616C696572732D310000000000000020415353454D424C41474520415845204C495353452D31000000000000000000617373656D626C61676520417865204C697373652D31000000000000000000004C697373652D310000000000000000000000000000000000000000000000000020415353454D424C414745204D414E4956454C4C452D310000000000000000004C696169736F6E73000000000000000000000000000000000000000000000000476C697373656D656E747300000000000000000000000000000000000000000052
CurExpandedChar_OLDTREE_PRIM0=7
ExpandedChar_OLDTREE_PRIM0=4261736500000000000000000000000000000000000000000000000000000000617373656D626C61676520426174692B50616C696572732D31000000000000006A6F696E7400000000000000000000000000000000000000000000000000000020415353454D424C41474520415845204C495353452D31000000000000000000617373656D626C61676520417865204C697373652D31000000000000000000004C697373652D3100000000000000000000000000000000000000000000000000000000000000000000000000000000000000000000000000000000000000000020415353454D424C414745204D414E4956454C4C452D31000000000000000000D9

[GphFrame0]
SelName0=Ukin[2.1]
SelFile0=c:\mes documents\2004_tp\outils rédaction_tp\ensemble_monte.out
SelCol0=16711680
SelLine0=0
SelScaled0=0
SelScale0=1.
CurSel=0
AlertCurve=hyperstatic
AlertFile=c:\mes documents\2004_tp\outils rédaction_tp\ensemble_monte.out
AlertType=1
AlertMax0=1.
AlertMin0=0.
AlertMax1=0.
AlertMin2=0.
AlertActive=0
WindowPlacement=2C0000000000000001000000FFFFFFFFFFFFFFFFFFFFFFFFFFFFFFFF6400000089010000BC02000019030000E5
SplitH=293
SplitV=50
CurExpanded=2
iExpanded=6079FEFF1E6EDEFFFECCD6FFDE
Xbegindisp=0.
Ybegindisp=-7.07053000000001e-006
Xenddisp=1.
Yenddisp=7.777583e-005
NberDigitDiv=3
NberDivX=9
DefaultDivX=9
NberDivY=5
DefaultDivY=8
FlagGrid=1
FlagAutoAxis=1
AutoScale=1
GphObjectNb=0
SelName1=mml[1.4]
SelFile1=C:\WINDOWS\TEMP\Assem2.out
SelCol1=16711935
SelLine1=0
SelScaled1=0
SelScale1=1.
SelName2=mm_ptr[2.1][Z]
SelFile2=C:\WINDOWS\TEMP\Assem2.out
SelCol2=255
SelLine2=0
SelScaled2=0
SelScale2=1.
GCurveIndex0=31
bSelectIndex0=0

[ModelTreeOption]
BottomPaneActivated=1
TopPaneActivated=0
TreeMode0=0

[GeneralOptions]
InputGrapherActive=0
DontPlaySound=0

[Unit]
MassUpdated=1
Length=2
Mass=1
Time=1
Angle=1
Force=0
Display (CAD)=1

[Windows]
NbEdit=0

[I3D]
speed=0.5

[Mode]
Check=1
WarningKinLock=1
CompileAuto=0
Save=0

[OPTION-3D0]
ConstructionFrame=0
LiaisonFrame=0
TriedrePointer=0
BaseFrame=0
HideFrames=0
DotWithZbuffer=0

[FrameSize]
default=0.1

[MarkerStyle]
default=16
DefaultLineWidth=3.
DefaultVectorWidth=3.

[Read Write]
Mesh=0
