[Unit]
MassUpdated=1
Length=0
Mass=1
Time=1
Angle=0
Force=0
Display (CAD)=1
[TreeExpandedChar]
CurExpandedChar_NEWTREE_PRIM0=4
ExpandedChar_NEWTREE_PRIM0=706F727465706561676500000000000000000000000000000000000000000000426173650000000000000000000000000000000000000000000000000000000020504C41544541552D310000000000000000000000000000000000000000000020524F54554C452D31000000000000000000000000000000000000000000000020504F5254452D3100000000000000000000000000000000000000000000000092
CurExpandedChar_NEWTREE_PRIM1=5
ExpandedChar_NEWTREE_PRIM1=706F727465706561676500000000000000000000000000000000000000000000426173650000000000000000000000000000000000000000000000000000000020504C41544541552D310000000000000000000000000000000000000000000020524F54554C452D31000000000000000000000000000000000000000000000020504F5254452D310000000000000000000000000000000000000000000000004C696169736F6E73000000000000000000000000000000000000000000000000D4
[ModelTreeOption]
BottomPaneActivated=1
TopPaneActivated=0
[I3D]
speed=1.
[Mode]
Check=1
WarningKinLock=1
CompileAuto=0
Save=0
[GeneralOptions]
DontPlaySound=0
InputGrapherActive=1
[OPTION-3D0]
ConstructionFrame=0
LiaisonFrame=0
TriedrePointer=0
BaseFrame=0
HideFrames=0
DotWithZbuffer=0
[FrameSize]
default=0.1
[MarkerStyle]
default=16
DefaultLineWidth=3.
DefaultVectorWidth=3.
[Read Write]
Mesh=0
[SDA]
SDAReadScale=0
[InputGrapher]
Position=37,127,669,640,1,0
[GphFrame0]
SelName0=p[3.2]
SelFile0=C:\Documents and Settings\greg\Mes documents\Lycée\PREPA\Equipement\Ouvre-barrière\sinusmatic_t_SW\PORTEPEAGE.out
SelCol0=255
SelLine0=0
SelScaled0=0
SelScale0=1.
CurSel=-1
AlertCurve=hyperstatic
AlertFile=C:\Documents and Settings\greg\Mes documents\Lycée\PREPA\Equipement\Ouvre-barrière\sinusmatic_t_SW\PORTEPEAGE.out
AlertType=1
AlertMax0=1.
AlertMin0=0.
AlertMax1=0.
AlertMin2=0.
AlertActive=0
GphObjectNb=0
WindowPlacement=2C0000000200000003000000FFFFFFFFFFFFFFFFFFFFFFFFFFFFFFFF000000000000000058020000900100000C
SplitH=150
SplitV=50
CurExpanded=0
iExpanded=6079FEFFD6
Xbegindisp=1.61725067385445e-002
Ybegindisp=0.160109289617486
Xenddisp=1.01617250673855
Yenddisp=1.36010928961749
NberDigitDiv=3
NberDivX=9
DefaultDivX=8
NberDivY=5
DefaultDivY=5
FlagGrid=1
FlagAutoAxis=1
AutoScale=1
