<?xml version="1.0" encoding="UTF-8" standalone="no" ?>
<SimscapeMultibodyImportXML version="2.0" xmlns="urn:mathworks:SimscapeMultibody:import" xmlns:xsi="http://www.w3.org/2001/XMLSchema-instance">
<Created by="" on="12/12/17||21:31:25" using="Simscape Multibody Link Version 4.9" from="SolidWorks 24.2.0"/>
<ModelUnits mass="kilogram" length="millimeter"/>
<DataUnits mass="kilogram" length="meter"/>
<RootAssembly name="Robot 2" uid="Robot 2" version="303">
<AssemblyFile name="Robot 2.SLDASM" type="SolidWorks Assembly"/>
<InstanceTree>
<Instance name="Ens_Socle-1" uid="Ens_Socle-1" grounded="true" entityUid="Ens_Socle" rigid="true">
<Transform>
<Rotation>1 0 0 0 1 0 0 0 1</Rotation>
<Translation>0 0 0</Translation>
</Transform>
<Instance name="Socle-1" uid="Socle-1" grounded="true" entityUid="Socle*:*Default">
<Transform>
<Rotation>1 0 0 0 1 0 0 0 1</Rotation>
<Translation>0 0 0</Translation>
</Transform>
</Instance>
<Instance name="Fourreau_200-604-1" uid="Fourreau_200-604-1" entityUid="Fourreau_200-604*:*Défaut">
<Transform>
<Rotation>-0.083865665115740173 0 -0.99647706958800331 0 1 0 0.99647706958800331 0 -0.083865665115740173</Rotation>
<Translation>0 0.17650000000000002 0</Translation>
</Transform>
</Instance>
<Instance name="CHC-M6_20-1" uid="CHC-M6_20-1" entityUid="CHC-M6_20*:*ISO 4762 M6 x 20 --- 20C">
<Transform>
<Rotation>0 -0.83716910433122238 -0.54694413860398872 1 0 0 0 -0.54694413860398872 0.83716910433122238</Rotation>
<Translation>0.0036062235999774067 0.156 -0.042848513992284093</Translation>
</Transform>
</Instance>
<Instance name="poulie lacet-1" uid="poulie lacet-1" entityUid="poulie lacet*:*Défaut">
<Transform>
<Rotation>0.43345382914762037 0.90117577530538717 0 0 0 1 0.90117577530538717 -0.43345382914762037 0</Rotation>
<Translation>0 0.20650000000000002 0</Translation>
</Transform>
</Instance>
<Instance name="Rondelle M6-1" uid="Rondelle M6-1" entityUid="Rondelle M6*:*Washer ISO 7089 - 6">
<Transform>
<Rotation>0 1 0 -1 0 0 0 0 1</Rotation>
<Translation>-0.035929691305204618 0.20900000000000002 -0.024521567705036787</Translation>
</Transform>
</Instance>
<Instance name="CHC-M6_25-1" uid="CHC-M6_25-1" entityUid="CHC-M6_25*:*ISO 4762 M6 x 25 --- 25C">
<Transform>
<Rotation>0 0.99919314504916135 0.040162904361683627 -1 0 0 0 -0.040162904361683627 0.99919314504916135</Rotation>
<Translation>-0.035929691305204618 0.21660000000000007 -0.024521567705036787</Translation>
</Transform>
</Instance>
<Instance name="Couvercle_300-732-1" uid="Couvercle_300-732-1" entityUid="Couvercle_300-732*:*Défaut">
<Transform>
<Rotation>-0.57086833128950354 0 -0.82104162399402014 0 1 0 0.82104162399402014 0 -0.57086833128950354</Rotation>
<Translation>0 0.17550000000000002 0</Translation>
</Transform>
</Instance>
<Instance name="CHC-M4_16-1" uid="CHC-M4_16-1" entityUid="CHC-M4_16*:*ISO 4762 M4 x 16 --- 16C">
<Transform>
<Rotation>0 -0.34931639923555147 -0.9370048309507848 1 0 1.0062709048869151e-016 -1.005452789495726e-016 -0.9370048309507848 0.34931639923555147</Rotation>
<Translation>0.025337404095073089 0.16650000000000001 -0.011917044672357891</Translation>
</Transform>
</Instance>
<Instance name="CHC-M4_16-2" uid="CHC-M4_16-2" entityUid="CHC-M4_16*:*ISO 4762 M4 x 16 --- 16C">
<Transform>
<Rotation>-1.2202921508557817e-016 -0.63681178745434386 0.77101929117189005 1 0 1.0062709048869151e-016 0 0.77101929117189005 0.63681178745434386</Rotation>
<Translation>-0.022989165471832558 0.16650000000000001 -0.01598431327610611</Translation>
</Transform>
</Instance>
<Instance name="CHC-M4_16-3" uid="CHC-M4_16-3" entityUid="CHC-M4_16*:*ISO 4762 M4 x 16 --- 16C">
<Transform>
<Rotation>0 0.98612818668990032 0.16598553977888858 1 0 1.0062709048869151e-016 1.1081552158639868e-016 0.16598553977888858 -0.98612818668990032</Rotation>
<Translation>-0.002348238623240349 0.16650000000000001 0.027901357948464128</Translation>
</Transform>
</Instance>
<Instance name="CHC-M6_25-2" uid="CHC-M6_25-2" entityUid="CHC-M6_25*:*ISO 4762 M6 x 25 --- 25C">
<Transform>
<Rotation>0 -0.53437866799156752 0.84524519471899895 -1 0 0 0 -0.84524519471899895 -0.53437866799156752</Rotation>
<Translation>-0.0032714549205794217 0.21660000000000007 0.043376809272958478</Translation>
</Transform>
</Instance>
<Instance name="CHC-M6_25-3" uid="CHC-M6_25-3" entityUid="CHC-M6_25*:*ISO 4762 M6 x 25 --- 25C">
<Transform>
<Rotation>0 -0.4648144770575896 -0.88540809908068918 -1 0 0 0 0.88540809908068918 -0.4648144770575896</Rotation>
<Translation>0.039201146225784064 0.21660000000000007 -0.018855241567922034</Translation>
</Transform>
</Instance>
<Instance name="Rondelle M6-2" uid="Rondelle M6-2" entityUid="Rondelle M6*:*Washer ISO 7089 - 6">
<Transform>
<Rotation>0 -0.50000000000000411 0.86602540378443649 -1 0 0 0 -0.86602540378443649 -0.50000000000000411</Rotation>
<Translation>-0.0032714549205794217 0.20900000000000002 0.043376809272958478</Translation>
</Transform>
</Instance>
<Instance name="Rondelle M6-3" uid="Rondelle M6-3" entityUid="Rondelle M6*:*Washer ISO 7089 - 6">
<Transform>
<Rotation>0 -0.49999999999999195 -0.86602540378444326 -1 0 0 0 0.86602540378444326 -0.49999999999999195</Rotation>
<Translation>0.039201146225784064 0.20900000000000002 -0.018855241567922034</Translation>
</Transform>
</Instance>
<Instance name="CHC-M6_20-2" uid="CHC-M6_20-2" entityUid="CHC-M6_20*:*ISO 4762 M6 x 20 --- 20C">
<Transform>
<Rotation>0 -0.055082966316435479 0.99848178091629813 1 0 0 0 0.99848178091629813 0.055082966316435479</Rotation>
<Translation>-0.038911013431719627 0.156 0.018301175746834826</Translation>
</Transform>
</Instance>
<Instance name="CHC-M6_20-3" uid="CHC-M6_20-3" entityUid="CHC-M6_20*:*ISO 4762 M6 x 20 --- 20C">
<Transform>
<Rotation>0 0.89225207064765832 -0.45153764231231763 1 0 0 0 -0.45153764231231763 -0.89225207064765832</Rotation>
<Translation>0.035304789831742525 0.156 0.024547338245449125</Translation>
</Transform>
</Instance>
</Instance>
<Instance name="SE_Chaise-1" uid="SE_Chaise-1" entityUid="SE_Chaise" rigid="true">
<Transform>
<Rotation>0.20406374131641336 0.97895760351505912 1.318590671208824e-016 1.1796186684908617e-016 1.1010418311474018e-016 -1 -0.97895760351505912 0.20406374131641336 0</Rotation>
<Translation>0 0.25350000000000006 0</Translation>
</Transform>
<Instance name="SE-Assise-1" uid="SE-Assise-1" grounded="true" entityUid="SE-Assise" rigid="true">
<Transform>
<Rotation>1 0 0 0 1 0 0 0 1</Rotation>
<Translation>0 0 0</Translation>
</Transform>
<Instance name="SKF_7204-2" uid="SKF_7204-2" entityUid="SKF_7204*:*SKF - 7204 BE - 10,DE,NC,10_68">
<Transform>
<Rotation>1.1544199670492052e-016 0 0.99999999999999978 0 0.99999999999999978 0 -1 0 1.1544199670492052e-016</Rotation>
<Translation>0 0 0.067500000000000004</Translation>
</Transform>
</Instance>
<Instance name="Entrtoise_200-006-1" uid="Entrtoise_200-006-1" entityUid="Entrtoise_200-006*:*Default">
<Transform>
<Rotation>0.99999999999999978 -1.1544199670492052e-016 1.1102230246251565e-016 1.1102230246251565e-016 0 -0.99999999999999978 1.1544199670492052e-016 1 0</Rotation>
<Translation>0 0 0.037999999999999978</Translation>
</Transform>
</Instance>
<Instance name="Capot_201-294-1" uid="Capot_201-294-1" entityUid="Capot_201-294*:*Défaut">
<Transform>
<Rotation>1 0 0 0 1 0 0 0 1</Rotation>
<Translation>0 0.00050000000000000023 0.067000000000000004</Translation>
</Transform>
</Instance>
<Instance name="Assise_100-032-1" uid="Assise_100-032-1" grounded="true" entityUid="Assise_100-032*:*Default">
<Transform>
<Rotation>1 0 0 0 1 0 0 0 1</Rotation>
<Translation>0 0 0</Translation>
</Transform>
</Instance>
<Instance name="Axe_200-464-1" uid="Axe_200-464-1" entityUid="Axe_200-464*:*Défaut">
<Transform>
<Rotation>-1.1544199670492052e-016 0 1 0 -1 0 1 0 1.1544199670492057e-016</Rotation>
<Translation>0 0 0.01150000000000001</Translation>
</Transform>
</Instance>
<Instance name="Goupille Çlastique , 6x20-1" uid="Goupille Çlastique , 6x20-1" entityUid="Goupille Çlastique , 6x20*:*Défaut">
<Transform>
<Rotation>0.99999999999999978 -1.1544199670492052e-016 1.1102230246251565e-016 1.1102230246251565e-016 0 -0.99999999999999978 1.1544199670492052e-016 1 0</Rotation>
<Translation>-0.039999999999999987 0 0.010000000000000009</Translation>
</Transform>
</Instance>
<Instance name="Goupille Çlastique , 6x20-2" uid="Goupille Çlastique , 6x20-2" entityUid="Goupille Çlastique , 6x20*:*Défaut">
<Transform>
<Rotation>0.99999999999999978 -1.1544199670492052e-016 1.1102230246251565e-016 1.1102230246251565e-016 0 -0.99999999999999978 1.1544199670492052e-016 1 0</Rotation>
<Translation>0.040000000000000001 0 0.010000000000000009</Translation>
</Transform>
</Instance>
<Instance name="visFHC M6-16-1" uid="visFHC M6-16-1" entityUid="visFHC M6-16*:*B18.3.5M - 6 x 1.0 x 16 Socket FCHS  -- 16S">
<Transform>
<Rotation>0 0 -0.99999999999999978 0 0.99999999999999978 0 1 0 0</Rotation>
<Translation>0 -0.041999999999999996 0</Translation>
</Transform>
</Instance>
<Instance name="visFHC M6-16-2" uid="visFHC M6-16-2" entityUid="visFHC M6-16*:*B18.3.5M - 6 x 1.0 x 16 Socket FCHS  -- 16S">
<Transform>
<Rotation>-1.6259073525902057e-016 0.86602540378443627 0.500000000000004 -1.1828739293163914e-016 -0.500000000000004 0.86602540378443627 1 0 1.8373525485574201e-016</Rotation>
<Translation>-0.036373066958946328 0.021000000000000168 0</Translation>
</Transform>
</Instance>
<Instance name="visFHC M6-16-3" uid="visFHC M6-16-3" entityUid="visFHC M6-16*:*B18.3.5M - 6 x 1.0 x 16 Socket FCHS  -- 16S">
<Transform>
<Rotation>-1.8373525485574068e-016 -0.86602540378444326 0.49999999999999201 0 -0.49999999999999201 -0.86602540378444326 1 -1.1828739293163979e-016 1.6259073525901906e-016</Rotation>
<Translation>0.036373066958946605 0.020999999999999661 0</Translation>
</Transform>
</Instance>
<Instance name="SKF_7204-1" uid="SKF_7204-1" entityUid="SKF_7204*:*SKF - 7204 BE - 10,DE,NC,10_68">
<Transform>
<Rotation>-1.1544199670492052e-016 0 -0.99999999999999978 0 0.99999999999999978 0 1 0 -1.1544199670492052e-016</Rotation>
<Translation>0 0 0.031</Translation>
</Transform>
</Instance>
</Instance>
<Instance name="Dossier-1" uid="Dossier-1" entityUid="Dossier*:*Défaut">
<Transform>
<Rotation>0.99999999999999978 0 0 0 0 0.99999999999999978 0 -1 0</Rotation>
<Translation>-6.3606869704001984e-006 0.064997227667094037 -0.27900000000000003</Translation>
</Transform>
</Instance>
<Instance name="Moto-rÇducteur lacet-1" uid="Moto-rÇducteur lacet-1" entityUid="Moto-rÇducteur lacet" rigid="true">
<Transform>
<Rotation>1.0260666336127374e-016 -0.86602540378444304 0.49999999999999201 0 0.49999999999999201 0.86602540378444304 -1 -1.1338131542724792e-016 0</Rotation>
<Translation>0.0025917155243830028 0.12549722766709406 -0.18310000000000004</Translation>
</Transform>
<Instance name="Corps moto-rÇducteur-1" uid="Corps moto-rÇducteur-1" grounded="true" entityUid="Corps moto-rÇducteur" rigid="true">
<Transform>
<Rotation>1 0 0 0 1 0 0 0 1</Rotation>
<Translation>0 0 0</Translation>
</Transform>
<Instance name="Moteur Parvex RS120G-1" uid="Moteur Parvex RS120G-1" entityUid="Moteur Parvex RS120G*:*Défaut">
<Transform>
<Rotation>1 0 0 0 1 0 0 0 1</Rotation>
<Translation>0 0 0</Translation>
</Transform>
</Instance>
<Instance name="Vis CHC M4x10-1" uid="Vis CHC M4x10-1" entityUid="Vis CHC M4x10*:*Défaut">
<Transform>
<Rotation>0 2.8569842943736185e-016 -1 2.7755575615628914e-016 0.99999999999999989 2.8569842943736185e-016 0.99999999999999989 -2.7755575615628914e-016 0</Rotation>
<Translation>-0.09110000000000007 0 0.021999999999999992</Translation>
</Transform>
<VisualProperties>
<Ambient r="0.29411764705882354" g="0.29411764705882354" b="0.29411764705882354" a="1"/>
<Diffuse r="0.29411764705882354" g="0.29411764705882354" b="0.29411764705882354" a="1"/>
<Specular r="0.29411764705882354" g="0.29411764705882354" b="0.29411764705882354" a="1"/>
<Emissive r="0" g="0" b="0" a="1"/>
<Shininess>0.3125</Shininess>
</VisualProperties>
</Instance>
<Instance name="Entretoise-m-r-1" uid="Entretoise-m-r-1" entityUid="Entretoise-m-r*:*Défaut">
<Transform>
<Rotation>1 0 0 0 1 0 0 0 1</Rotation>
<Translation>-0.09259999999999996 0 0</Translation>
</Transform>
<VisualProperties>
<Ambient r="0.87450980392156863" g="0.87450980392156863" b="0.87450980392156863" a="1"/>
<Diffuse r="0.87450980392156863" g="0.87450980392156863" b="0.87450980392156863" a="1"/>
<Specular r="0.87450980392156863" g="0.87450980392156863" b="0.87450980392156863" a="1"/>
<Emissive r="0" g="0" b="0" a="1"/>
<Shininess>0.3125</Shininess>
</VisualProperties>
</Instance>
<Instance name="RÇducteur Harmonic Drive HDUC 14 1U-CC-1" uid="RÇducteur Harmonic Drive HDUC 14 1U-CC-1" entityUid="RÇducteur Harmonic Drive HDUC 14 1U-CC*:*Défaut">
<Transform>
<Rotation>1 0 0 0 1 0 0 0 1</Rotation>
<Translation>-0.092600000000000016 0 0</Translation>
</Transform>
<VisualProperties>
<Ambient r="0" g="0" b="0" a="1"/>
<Diffuse r="0" g="0" b="0" a="1"/>
<Specular r="0" g="0" b="0" a="1"/>
<Emissive r="0" g="0" b="0" a="1"/>
<Shininess>0.3125</Shininess>
</VisualProperties>
</Instance>
<Instance name="Vis CHC M4x10-2" uid="Vis CHC M4x10-2" entityUid="Vis CHC M4x10*:*Défaut">
<Transform>
<Rotation>0 2.8569842943736189e-016 -1 -0.8660254037844396 0.49999999999999822 1.4284921471868033e-016 0.49999999999999822 0.8660254037844396 2.4742209771407146e-016</Rotation>
<Translation>-0.09110000000000007 -0.019052558883257707 0.010999999999999954</Translation>
</Transform>
</Instance>
<Instance name="Vis CHC M4x10-3" uid="Vis CHC M4x10-3" entityUid="Vis CHC M4x10*:*Défaut">
<Transform>
<Rotation>0 2.856984294373618e-016 -1 -0.86602540378443649 -0.50000000000000377 -1.4284921471868208e-016 -0.50000000000000377 0.86602540378443649 2.4742209771407057e-016</Rotation>
<Translation>-0.09110000000000007 -0.019052558883257631 -0.011000000000000107</Translation>
</Transform>
</Instance>
<Instance name="Vis CHC M4x10-4" uid="Vis CHC M4x10-4" entityUid="Vis CHC M4x10*:*Défaut">
<Transform>
<Rotation>0 2.8569842943736185e-016 -1 6.7168492989821971e-015 -0.99999999999999989 -2.856984294373618e-016 -0.99999999999999989 -6.7168492989821971e-015 0</Rotation>
<Translation>-0.09110000000000007 0 -0.022000000000000047</Translation>
</Transform>
</Instance>
<Instance name="Vis CHC M4x10-5" uid="Vis CHC M4x10-5" entityUid="Vis CHC M4x10*:*Défaut">
<Transform>
<Rotation>0 2.856984294373618e-016 -1 0.86602540378444304 -0.49999999999999212 -1.4284921471867863e-016 -0.49999999999999212 -0.86602540378444304 -2.4742209771407255e-016</Rotation>
<Translation>-0.09110000000000007 0.019052558883257763 -0.010999999999999843</Translation>
</Transform>
</Instance>
<Instance name="Vis CHC M4x10-6" uid="Vis CHC M4x10-6" entityUid="Vis CHC M4x10*:*Défaut">
<Transform>
<Rotation>0 2.8569842943736185e-016 -1 0.86602540378443293 0.50000000000000977 1.4284921471868376e-016 0.50000000000000977 -0.86602540378443293 -2.4742209771406959e-016</Rotation>
<Translation>-0.09110000000000007 0.019052558883257541 0.011000000000000218</Translation>
</Transform>
</Instance>
<Instance name="Vis CHC M4-6-1" uid="Vis CHC M4-6-1" entityUid="Vis CHC M4-6*:*Défaut">
<Transform>
<Rotation>2.449212707644754e-016 0 1 0 0.99999999999999989 0 -0.99999999999999989 0 2.4492127076447545e-016</Rotation>
<Translation>-0.090099999999999958 0.0098994949366116233 0.0098994949366118246</Translation>
</Transform>
</Instance>
<Instance name="Vis CHC M4-6-2" uid="Vis CHC M4-6-2" entityUid="Vis CHC M4-6*:*Défaut">
<Transform>
<Rotation>2.4492127076447545e-016 0 1 0.99999999999999978 -3.5527136788005009e-015 -2.4492127076447545e-016 3.5527136788005009e-015 0.99999999999999978 0</Rotation>
<Translation>-0.090099999999999958 -0.0098994949366118593 0.0098994949366115748</Translation>
</Transform>
</Instance>
<Instance name="Vis CHC M4-6-3" uid="Vis CHC M4-6-3" entityUid="Vis CHC M4-6*:*Défaut">
<Transform>
<Rotation>2.449212707644755e-016 0 1 -6.9944050551384862e-015 -0.99999999999999989 0 0.99999999999999989 -6.9944050551384862e-015 -2.4492127076447545e-016</Rotation>
<Translation>-0.090099999999999958 -0.0098994949366115678 -0.0098994949366119078</Translation>
</Transform>
</Instance>
<Instance name="Vis CHC M4-6-4" uid="Vis CHC M4-6-4" entityUid="Vis CHC M4-6*:*Défaut">
<Transform>
<Rotation>2.449212707644754e-016 0 1 -0.99999999999999978 1.0491607582707729e-014 2.4492127076447545e-016 -1.0491607582707729e-014 -0.99999999999999978 0</Rotation>
<Translation>-0.090099999999999958 0.0098994949366119286 -0.0098994949366115331</Translation>
</Transform>
</Instance>
<Instance name="Arbre de sortie-1" uid="Arbre de sortie-1" entityUid="Arbre de sortie*:*Défaut">
<Transform>
<Rotation>1 0 0 0 1 0 0 0 1</Rotation>
<Translation>-0.15959999999999996 0 0</Translation>
</Transform>
</Instance>
</Instance>
<Instance name="Palier-1" uid="Palier-1" entityUid="Palier" rigid="true">
<Transform>
<Rotation>1 0 0 0 1 0 0 0 1</Rotation>
<Translation>-0.16259999999999997 0 0</Translation>
</Transform>
<Instance name="Porte poulie motrice-1" uid="Porte poulie motrice-1" entityUid="Porte poulie motrice*:*Défaut">
<Transform>
<Rotation>1 0 0 0 1 0 0 0 1</Rotation>
<Translation>0 0 0</Translation>
</Transform>
<VisualProperties>
<Ambient r="0.50196078431372548" g="0.50196078431372548" b="0" a="1"/>
<Diffuse r="0.50196078431372548" g="0.50196078431372548" b="0" a="1"/>
<Specular r="0.50196078431372548" g="0.50196078431372548" b="0" a="1"/>
<Emissive r="0" g="0" b="0" a="1"/>
<Shininess>0.3125</Shininess>
</VisualProperties>
</Instance>
<Instance name="Bride-1" uid="Bride-1" entityUid="Bride*:*Défaut">
<Transform>
<Rotation>0 1.1775065262027138e-016 -1 0 -0.99999999999999989 -1.1338131542724789e-016 -0.99999999999999989 0 0</Rotation>
<Translation>-0.02250000000000002 0.0030000000000000027 0</Translation>
</Transform>
</Instance>
<Instance name="Flasque-1" uid="Flasque-1" entityUid="Flasque*:*Défaut">
<Transform>
<Rotation>0 -1.5453876908517775e-016 -1 -0.66418633750482725 0.74756705991631534 -1.5412024347634838e-016 0.74756705991631534 0.66418633750482725 0</Rotation>
<Translation>0.0060000000000000053 0 0</Translation>
</Transform>
</Instance>
<Instance name="VisCHC M4-40-1" uid="VisCHC M4-40-1" entityUid="VisCHC M4-40*:*Défaut">
<Transform>
<Rotation>-1.2608759126230136e-016 0 1 0.99729628587571928 0.073485496381910848 1.2709251499345748e-016 -0.073485496381910848 0.99729628587571928 0</Rotation>
<Translation>-0.036000000000000032 -0.016263455967290452 0.016263455967290744</Translation>
</Transform>
</Instance>
<Instance name="VisCHC M4-40-2" uid="VisCHC M4-40-2" entityUid="VisCHC M4-40*:*Défaut">
<Transform>
<Rotation>0 -1.2515129044746726e-016 1 -0.073485496381914317 0.99729628587571906 1.2464731231009466e-016 -0.99729628587571906 -0.073485496381914317 0</Rotation>
<Translation>-0.036000000000000032 0.016263455967290785 0.016263455967290355</Translation>
</Transform>
</Instance>
<Instance name="VisCHC M4-40-3" uid="VisCHC M4-40-3" entityUid="VisCHC M4-40*:*Défaut">
<Transform>
<Rotation>1.0458351268611021e-016 0 1 -0.99729628587571861 -0.073485496381917786 1.042039484701167e-016 0.073485496381917786 -0.99729628587571861 0</Rotation>
<Translation>-0.036000000000000032 0.016263455967290327 -0.016263455967290869</Translation>
</Transform>
</Instance>
<Instance name="VisCHC M4-40-4" uid="VisCHC M4-40-4" entityUid="VisCHC M4-40*:*Défaut">
<Transform>
<Rotation>0 1.0551981350094425e-016 1 0.073485496381921339 -0.9972962858757185 1.066491511534797e-016 0.9972962858757185 0.073485496381921339 0</Rotation>
<Translation>-0.036000000000000032 -0.01626345596729091 -0.0162634559672903</Translation>
</Transform>
</Instance>
<Instance name="anneau Çlastique int d32-1" uid="anneau Çlastique int d32-1" entityUid="anneau Çlastique int d32*:*Défaut">
<Transform>
<Rotation>1.2246063538223792e-016 4.2574032297166115e-016 -1 3.8857805861880479e-016 0.99999999999999989 4.2574032297166115e-016 0.99999999999999989 -3.8857805861880479e-016 1.2246063538223775e-016</Rotation>
<Translation>-0.04860000000000006 0 0</Translation>
</Transform>
</Instance>
<Instance name="Vis CHC M4x10-1" uid="Vis CHC M4x10-1" entityUid="Vis CHC M4x10*:*Défaut">
<Transform>
<Rotation>3.0412687252934473e-016 -1.5412024347634835e-016 1 -1.6653345369377348e-016 0.99999999999999989 1.541202434763484e-016 -0.99999999999999989 -1.6653345369377348e-016 3.0412687252934473e-016</Rotation>
<Translation>0.004500000000000004 0.019999999999999962 0</Translation>
</Transform>
</Instance>
<Instance name="Vis CHC M4x10-2" uid="Vis CHC M4x10-2" entityUid="Vis CHC M4x10*:*Défaut">
<Transform>
<Rotation>2.3720015987812652e-016 -1.8384482814415358e-016 1 0.8660254037844396 0.49999999999999811 -1.1349895016411173e-016 -0.49999999999999811 0.8660254037844396 2.7781437146628443e-016</Rotation>
<Translation>0.004500000000000004 0.0099999999999999534 0.017320508075688731</Translation>
</Transform>
</Instance>
<Instance name="Vis CHC M4x10-3" uid="Vis CHC M4x10-3" entityUid="Vis CHC M4x10*:*Défaut">
<Transform>
<Rotation>1.7799455811325675e-016 -1.4074688713031977e-016 1 0.8660254037844366 -0.500000000000004 -2.245212526266259e-016 0.500000000000004 0.8660254037844366 0</Rotation>
<Translation>0.004500000000000004 -0.010000000000000051 0.017320508075688704</Translation>
</Transform>
</Instance>
<Instance name="Vis CHC M4x10-4" uid="Vis CHC M4x10-4" entityUid="Vis CHC M4x10*:*Défaut">
<Transform>
<Rotation>1.8571566899960541e-016 0 1 -6.8278716014447127e-015 -1 0 1 -6.8278716014447127e-015 -1.8571566899960578e-016</Rotation>
<Translation>0.004500000000000004 -0.019999999999999962 0</Translation>
</Transform>
</Instance>
<Instance name="Vis CHC M4x10-5" uid="Vis CHC M4x10-5" entityUid="Vis CHC M4x10*:*Défaut">
<Transform>
<Rotation>2.5264238165082379e-016 0 1 -0.86602540378444304 -0.49999999999999201 1.9969483219178037e-016 0.49999999999999201 -0.86602540378444304 -1.5940316793654365e-016</Rotation>
<Translation>0.004500000000000004 -0.0099999999999998423 -0.017320508075688842</Translation>
</Transform>
</Instance>
<Instance name="Vis CHC M4x10-6" uid="Vis CHC M4x10-6" entityUid="Vis CHC M4x10*:*Défaut">
<Transform>
<Rotation>3.1184798341569322e-016 0 1 -0.86602540378443282 0.50000000000000999 3.1071713465429282e-016 -0.50000000000000999 -0.86602540378443282 0</Rotation>
<Translation>0.004500000000000004 0.010000000000000175 -0.017320508075688648</Translation>
</Transform>
</Instance>
</Instance>
<Instance name="SKF 6002-1" uid="SKF 6002-1" entityUid="SKF 6002*:*SKF - 6002 - 12,DE,NC,12_68">
<Transform>
<Rotation>1 0 0 0 1 0 0 0 1</Rotation>
<Translation>-0.20670000000000002 0 0</Translation>
</Transform>
</Instance>
<Instance name="SKF 6002-2" uid="SKF 6002-2" entityUid="SKF 6002*:*SKF - 6002 - 12,DE,NC,12_68">
<Transform>
<Rotation>1 0 0 0 1 0 0 0 1</Rotation>
<Translation>-0.18559999999999999 0 0</Translation>
</Transform>
</Instance>
</Instance>
<Instance name="vis CHC M6-25-1" uid="vis CHC M6-25-1" entityUid="vis CHC M6-25*:*ISO 4762 M6 x 25 --- 25S">
<Transform>
<Rotation>0 0.9993297691839701 -0.03660618011638201 0 -0.03660618011638201 -0.9993297691839701 -1 0 0</Rotation>
<Translation>-0.057006360686970362 0.12299722766709402 0.016000000000000014</Translation>
</Transform>
</Instance>
<Instance name="vis CHC M6-25-2" uid="vis CHC M6-25-2" entityUid="vis CHC M6-25*:*ISO 4762 M6 x 25 --- 25S">
<Transform>
<Rotation>0 0.9993297691839701 -0.03660618011638201 0 -0.03660618011638201 -0.9993297691839701 -1 0 0</Rotation>
<Translation>-0.057006360686970362 0.077997227667094035 0.015999999999999986</Translation>
</Transform>
</Instance>
<Instance name="vis CHC M6-25-3" uid="vis CHC M6-25-3" entityUid="vis CHC M6-25*:*ISO 4762 M6 x 25 --- 25S">
<Transform>
<Rotation>0 0.9993297691839701 -0.03660618011638201 0 -0.03660618011638201 -0.9993297691839701 -1 0 0</Rotation>
<Translation>0.056993639313029615 0.12299722766709402 0.016000000000000014</Translation>
</Transform>
</Instance>
<Instance name="vis CHC M6-25-4" uid="vis CHC M6-25-4" entityUid="vis CHC M6-25*:*ISO 4762 M6 x 25 --- 25S">
<Transform>
<Rotation>0 0.9993297691839701 -0.03660618011638201 0 -0.03660618011638201 -0.9993297691839701 -1 0 0</Rotation>
<Translation>0.056993639313029615 0.077997227667094035 0.015999999999999986</Translation>
</Transform>
</Instance>
<Instance name="Goupille Çlastique , 6x20-1" uid="Goupille Çlastique , 6x20-1" entityUid="Goupille Çlastique , 6x20*:*Défaut">
<Transform>
<Rotation>0.99999999999999978 0 0 0 0 -0.99999999999999978 0 1 0</Rotation>
<Translation>0.066993639313029582 0.12299722766709402 0.0020000000000000018</Translation>
</Transform>
</Instance>
<Instance name="Goupille Çlastique , 6x20-2" uid="Goupille Çlastique , 6x20-2" entityUid="Goupille Çlastique , 6x20*:*Défaut">
<Transform>
<Rotation>0.99999999999999978 0 0 0 0 -0.99999999999999978 0 1 0</Rotation>
<Translation>-0.042006360686970376 0.077997227667094035 0.0020000000000000018</Translation>
</Transform>
</Instance>
<Instance name="Moteur Epaule-1" uid="Moteur Epaule-1" entityUid="Moteur Epaule" rigid="true">
<Transform>
<Rotation>0 -0.98662867926151698 0.16298419941416009 1 0 0 0 0.16298419941416009 0.98662867926151698</Rotation>
<Translation>-0.095269155103258785 0.3348972276670939 -0.22100000000000003</Translation>
</Transform>
<Instance name="Moteur RS210-1" uid="Moteur RS210-1" grounded="true" entityUid="Moteur RS210*:*Défaut">
<Transform>
<Rotation>1 0 0 0 1 0 0 0 1</Rotation>
<Translation>0 0 0</Translation>
</Transform>
</Instance>
<Instance name="entretoise-m-r bras-1" uid="entretoise-m-r bras-1" entityUid="entretoise-m-r bras*:*Défaut">
<Transform>
<Rotation>0.99999999999999967 0 0 0 0.98662867926151687 0.16298419941415987 0 -0.16298419941415987 0.98662867926151698</Rotation>
<Translation>-0.12039999999999995 0 0</Translation>
</Transform>
</Instance>
<Instance name="RÇducteur Harmonic Drive bras-1" uid="RÇducteur Harmonic Drive bras-1" entityUid="RÇducteur Harmonic Drive bras*:*Défaut">
<Transform>
<Rotation>0.99999999999999989 0 0 0 0.77295340063567997 0.63446279673889316 0 -0.63446279673889305 0.77295340063568008</Rotation>
<Translation>-0.12039999999999995 0 0</Translation>
</Transform>
</Instance>
<Instance name="Vis CHC M4x10-1" uid="Vis CHC M4x10-1" entityUid="Vis CHC M4x10*:*Défaut">
<Transform>
<Rotation>1.3877787807814457e-016 0 1 0.92430875241282529 -0.38164555573600811 -1.1768081526830951e-016 0.38164555573600806 0.92430875241282529 0</Rotation>
<Translation>-0.11789999999999992 0.011380586871513304 0.0081536643578170587</Translation>
</Transform>
</Instance>
<Instance name="Vis CHC M4x10-2" uid="Vis CHC M4x10-2" entityUid="Vis CHC M4x10*:*Défaut">
<Transform>
<Rotation>3.0531133177191805e-016 1.1102230246251565e-016 0.99999999999999978 -0.38164555573601011 -0.92430875241282429 2.2204460492503131e-016 0.9243087524128244 -0.38164555573601017 -2.3592239273284576e-016</Rotation>
<Translation>-0.11789999999999992 -0.0081536643578172391 0.011380586871513332</Translation>
</Transform>
</Instance>
<Instance name="Vis CHC M4x10-3" uid="Vis CHC M4x10-3" entityUid="Vis CHC M4x10*:*Défaut">
<Transform>
<Rotation>3.8857805861880479e-016 0 0.99999999999999989 -0.9243087524128234 0.3816455557360125 3.9624087285904309e-016 -0.38164555573601244 -0.9243087524128234 0</Rotation>
<Translation>-0.11789999999999992 -0.01138058687151336 -0.0081536643578172252</Translation>
</Transform>
</Instance>
<Instance name="Vis CHC M4x10-4" uid="Vis CHC M4x10-4" entityUid="Vis CHC M4x10*:*Défaut">
<Transform>
<Rotation>1.8041124150158791e-016 -1.6653345369377341e-016 1 0.38164555573601427 0.92430875241282273 0 -0.92430875241282273 0.38164555573601422 2.3031244203717915e-016</Rotation>
<Translation>-0.11789999999999992 0.0081536643578171975 -0.011380586871513332</Translation>
</Transform>
</Instance>
<Instance name="Vis CHC M3-10-1" uid="Vis CHC M3-10-1" entityUid="Vis CHC M3-10*:*Défaut">
<Transform>
<Rotation>0 -2.4980018054066022e-016 -0.99999999999999978 -0.69208803325171342 -0.72181310200755922 1.4189043971892262e-016 -0.72181310200755922 0.69208803325171342 -2.1295239192255343e-016</Rotation>
<Translation>-0.11889999999999995 0.0035856523871113932 0.021705830943753279</Translation>
</Transform>
</Instance>
<Instance name="Vis CHC M3-10-2" uid="Vis CHC M3-10-2" entityUid="Vis CHC M3-10*:*Défaut">
<Transform>
<Rotation>0 -2.2204460492503136e-016 -1 0.27906446649713923 -0.96027236945497252 2.209688937975496e-016 -0.96027236945497241 -0.27906446649713923 0</Rotation>
<Translation>-0.11889999999999998 -0.01700497481398508 0.013958181528255398</Translation>
</Transform>
</Instance>
<Instance name="Vis CHC M3-10-3" uid="Vis CHC M3-10-3" entityUid="Vis CHC M3-10*:*Défaut">
<Transform>
<Rotation>0 -2.203098814490545e-016 -0.99999999999999967 0.9711524997488522 -0.23845926744741042 0 -0.23845926744741044 -0.9711524997488522 2.0122792321330962e-016</Rotation>
<Translation>-0.11889999999999998 -0.020590627201096459 -0.007747649415497937</Translation>
</Transform>
</Instance>
<Instance name="Vis CHC M3-10-4" uid="Vis CHC M3-10-4" entityUid="Vis CHC M3-10*:*Défaut">
<Transform>
<Rotation>0 -1.9428902930940239e-016 -0.99999999999999989 0.69208803325170976 0.72181310200756277 -1.4984501780165291e-016 0.72181310200756288 -0.69208803325170964 1.2444794311056681e-016</Rotation>
<Translation>-0.11889999999999998 -0.00358565238711131 -0.02170583094375339</Translation>
</Transform>
</Instance>
<Instance name="Vis CHC M3-10-5" uid="Vis CHC M3-10-5" entityUid="Vis CHC M3-10*:*Défaut">
<Transform>
<Rotation>0 -1.9428902930940239e-016 -0.99999999999999978 -0.27906446649714406 0.96027236945497096 -2.2204460492503131e-016 0.96027236945497108 0.27906446649714423 0</Rotation>
<Translation>-0.11889999999999998 0.017004974813985121 -0.013958181528255287</Translation>
</Transform>
</Instance>
<Instance name="Vis CHC M3-10-6" uid="Vis CHC M3-10-6" entityUid="Vis CHC M3-10*:*Défaut">
<Transform>
<Rotation>0 -2.4806545706468337e-016 -1 -0.97115249974885332 0.23845926744740586 0 0.23845926744740586 0.97115249974885332 -2.4090938872970908e-016</Rotation>
<Translation>-0.11889999999999998 0.02059062720109639 0.007747649415498048</Translation>
</Transform>
</Instance>
<Instance name="Palier-1" uid="Palier-1" entityUid="Palier" rigid="true">
<Transform>
<Rotation>0.99999999999999989 0 0 0 0.77295340063567952 0.63446279673889361 0 -0.63446279673889361 0.77295340063567974</Rotation>
<Translation>-0.19039999999999987 0 0</Translation>
</Transform>
<Instance name="Porte poulie motrice-1" uid="Porte poulie motrice-1" entityUid="Porte poulie motrice*:*Défaut">
<Transform>
<Rotation>1 0 0 0 1 0 0 0 1</Rotation>
<Translation>0 0 0</Translation>
</Transform>
<VisualProperties>
<Ambient r="0.50196078431372548" g="0.50196078431372548" b="0" a="1"/>
<Diffuse r="0.50196078431372548" g="0.50196078431372548" b="0" a="1"/>
<Specular r="0.50196078431372548" g="0.50196078431372548" b="0" a="1"/>
<Emissive r="0" g="0" b="0" a="1"/>
<Shininess>0.3125</Shininess>
</VisualProperties>
</Instance>
<Instance name="Bride-1" uid="Bride-1" entityUid="Bride*:*Défaut">
<Transform>
<Rotation>0 0 -1 0 -1 0 -1 0 0</Rotation>
<Translation>-0.02250000000000002 0.0030000000000000027 0</Translation>
</Transform>
</Instance>
<Instance name="Flasque-1" uid="Flasque-1" entityUid="Flasque*:*Défaut">
<Transform>
<Rotation>0 -1.3877787807814454e-016 -1 -0.66418633750482736 0.74756705991631522 -1.406155185232691e-016 0.74756705991631534 0.66418633750482725 0</Rotation>
<Translation>0.0059999999999999776 0 0</Translation>
</Transform>
</Instance>
<Instance name="VisCHC M4-40-1" uid="VisCHC M4-40-1" entityUid="VisCHC M4-40*:*Défaut">
<Transform>
<Rotation>-1.3877787807814457e-016 0 1.0000000000000002 0.99729628587571917 0.073485496381910764 1.3877787807814457e-016 -0.073485496381910931 0.99729628587571928 0</Rotation>
<Translation>-0.036000000000000018 -0.016263455967290452 0.01626345596729073</Translation>
</Transform>
</Instance>
<Instance name="VisCHC M4-40-2" uid="VisCHC M4-40-2" entityUid="VisCHC M4-40*:*Défaut">
<Transform>
<Rotation>0 -1.1102230246251565e-016 1.0000000000000002 -0.073485496381914372 0.99729628587571895 1.1102230246251565e-016 -0.99729628587571895 -0.073485496381914261 0</Rotation>
<Translation>-0.036000000000000004 0.01626345596729073 0.016263455967290508</Translation>
</Transform>
</Instance>
<Instance name="VisCHC M4-40-3" uid="VisCHC M4-40-3" entityUid="VisCHC M4-40*:*Défaut">
<Transform>
<Rotation>0 0 1 -0.99729628587571861 -0.073485496381917814 1.1102230246251565e-016 0.07348549638191787 -0.99729628587571861 0</Rotation>
<Translation>-0.036000000000000018 0.016263455967290341 -0.016263455967290841</Translation>
</Transform>
</Instance>
<Instance name="VisCHC M4-40-4" uid="VisCHC M4-40-4" entityUid="VisCHC M4-40*:*Défaut">
<Transform>
<Rotation>0 1.1102230246251565e-016 1 0.0734854963819212 -0.99729628587571828 1.1102230246251565e-016 0.99729628587571839 0.073485496381921367 0</Rotation>
<Translation>-0.036000000000000004 -0.016263455967290952 -0.016263455967290286</Translation>
</Transform>
</Instance>
<Instance name="anneau Çlastique int d32-1" uid="anneau Çlastique int d32-1" entityUid="anneau Çlastique int d32*:*Défaut">
<Transform>
<Rotation>1.1102230246251565e-016 4.4408920985006262e-016 -1.0000000000000002 4.4408920985006262e-016 1 4.163336342344337e-016 1 -3.8857805861880479e-016 1.2490009027033011e-016</Rotation>
<Translation>-0.048600000000000032 0 0</Translation>
</Transform>
</Instance>
<Instance name="Vis CHC M4x10-1" uid="Vis CHC M4x10-1" entityUid="Vis CHC M4x10*:*Défaut">
<Transform>
<Rotation>3.1918911957973251e-016 -1.1102230246251565e-016 1.0000000000000002 -1.6653345369377348e-016 1 1.3877787807814457e-016 -1 -1.1102230246251565e-016 2.9143354396410359e-016</Rotation>
<Translation>0.0044999999999999762 0.019999999999999962 0</Translation>
</Transform>
</Instance>
<Instance name="Vis CHC M4x10-2" uid="Vis CHC M4x10-2" entityUid="Vis CHC M4x10*:*Défaut">
<Transform>
<Rotation>2.0816681711721685e-016 -2.2204460492503131e-016 1.0000000000000002 0.86602540378443971 0.49999999999999806 -1.1102230246251565e-016 -0.49999999999999828 0.86602540378443971 2.9143354396410359e-016</Rotation>
<Translation>0.004500000000000004 0.0099999999999999534 0.017320508075688745</Translation>
</Transform>
</Instance>
<Instance name="Vis CHC M4x10-3" uid="Vis CHC M4x10-3" entityUid="Vis CHC M4x10*:*Défaut">
<Transform>
<Rotation>1.6653345369377343e-016 -1.453818110449399e-016 1 0.86602540378443638 -0.500000000000004 -2.1691310700123738e-016 0.500000000000004 0.86602540378443627 0</Rotation>
<Translation>0.0044999999999999762 -0.01000000000000012 0.017320508075688745</Translation>
</Transform>
</Instance>
<Instance name="Vis CHC M4x10-4" uid="Vis CHC M4x10-4" entityUid="Vis CHC M4x10*:*Défaut">
<Transform>
<Rotation>1.8041124150158794e-016 0 1.0000000000000002 -6.8278716014447127e-015 -1 0 1 -6.8278716014447127e-015 -1.8041124150158794e-016</Rotation>
<Translation>0.004500000000000004 -0.020000000000000018 0</Translation>
</Transform>
</Instance>
<Instance name="Vis CHC M4x10-5" uid="Vis CHC M4x10-5" entityUid="Vis CHC M4x10*:*Défaut">
<Transform>
<Rotation>2.2204460492503131e-016 0 1.0000000000000002 -0.86602540378444326 -0.49999999999999212 1.9428902930940239e-016 0.49999999999999212 -0.86602540378444326 -1.8041124150158794e-016</Rotation>
<Translation>0.004500000000000004 -0.0099999999999998423 -0.017320508075688856</Translation>
</Transform>
</Instance>
<Instance name="Vis CHC M4x10-6" uid="Vis CHC M4x10-6" entityUid="Vis CHC M4x10*:*Défaut">
<Transform>
<Rotation>3.0531133177191805e-016 0 1.0000000000000002 -0.86602540378443293 0.50000000000000999 3.0531133177191805e-016 -0.5000000000000101 -0.86602540378443293 0</Rotation>
<Translation>0.0044999999999999762 0.01000000000000012 -0.017320508075688579</Translation>
</Transform>
</Instance>
</Instance>
<Instance name="SKF 6002-1" uid="SKF 6002-1" entityUid="SKF 6002*:*SKF - 6002 - 12,DE,NC,12_68">
<Transform>
<Rotation>1 0 0 0 1 0 0 0 1</Rotation>
<Translation>-0.21339999999999987 0 0</Translation>
</Transform>
</Instance>
<Instance name="SKF 6002-2" uid="SKF 6002-2" entityUid="SKF 6002*:*SKF - 6002 - 12,DE,NC,12_68">
<Transform>
<Rotation>1 0 0 0 1 0 0 0 1</Rotation>
<Translation>-0.2344999999999999 0 0</Translation>
</Transform>
</Instance>
</Instance>
<Instance name="Vis_CHC_M4-16-1" uid="Vis_CHC_M4-16-1" entityUid="Vis_CHC_M4-16*:*ISO 4762 M4 x 12 --- 12C">
<Transform>
<Rotation>0 0.99999999999999978 0 -0.99999999999999978 0 0 0 0 1</Rotation>
<Translation>-0.13337427286977399 0.13599722766709404 -0.20200000000000007</Translation>
</Transform>
</Instance>
<Instance name="Vis_CHC_M4-16-2" uid="Vis_CHC_M4-16-2" entityUid="Vis_CHC_M4-16*:*ISO 4762 M4 x 12 --- 12C">
<Transform>
<Rotation>0 1 1.6653345369377356e-016 0 -1.6653345369377356e-016 1 1 0 0</Rotation>
<Translation>-6.3606869703741775e-006 0.16799722766709407 -0.012000000000000011</Translation>
</Transform>
</Instance>
<Instance name="Vis_CHC_M4-16-3" uid="Vis_CHC_M4-16-3" entityUid="Vis_CHC_M4-16*:*ISO 4762 M4 x 12 --- 12C">
<Transform>
<Rotation>0 -0.50000000000000144 -0.86602540378443782 0 0.86602540378443782 -0.50000000000000144 1 0 0</Rotation>
<Translation>-0.035513402242132321 0.10649722766709395 -0.012000000000000011</Translation>
</Transform>
</Instance>
<Instance name="Vis_CHC_M4-16-4" uid="Vis_CHC_M4-16-4" entityUid="Vis_CHC_M4-16*:*ISO 4762 M4 x 12 --- 12C">
<Transform>
<Rotation>0 -0.49999999999999656 0.86602540378444048 0 -0.86602540378444048 -0.49999999999999656 1 0 0</Rotation>
<Translation>0.035500680868191692 0.10649722766709417 -0.012000000000000011</Translation>
</Transform>
</Instance>
<Instance name="Vis_CHC_M4-16-5" uid="Vis_CHC_M4-16-5" entityUid="Vis_CHC_M4-16*:*ISO 4762 M4 x 12 --- 12C">
<Transform>
<Rotation>0 -0.50000000000000389 -0.86602540378443638 -1 0 0 0 0.86602540378443638 -0.50000000000000389</Rotation>
<Translation>-0.097867231314612071 0.13599722766709404 -0.26350000000000029</Translation>
</Transform>
</Instance>
<Instance name="Vis_CHC_M4-16-6" uid="Vis_CHC_M4-16-6" entityUid="Vis_CHC_M4-16*:*ISO 4762 M4 x 12 --- 12C">
<Transform>
<Rotation>0 -0.4999999999999919 0.86602540378444337 -1 0 0 0 -0.86602540378444337 -0.4999999999999919</Rotation>
<Translation>-0.062360189759450138 0.13599722766709404 -0.20200000000000001</Translation>
</Transform>
</Instance>
<Instance name="Bouchon-1" uid="Bouchon-1" entityUid="Bouchon*:*Défaut">
<Transform>
<Rotation>1 0 0 0 1 0 0 0 1</Rotation>
<Translation>-6.3606869703949942e-006 0.13399722766709407 -0.27900000000000003</Translation>
</Transform>
</Instance>
<Instance name="Couvercle_301-396-1" uid="Couvercle_301-396-1" entityUid="Couvercle_301-396*:*Défaut">
<Transform>
<Rotation>0.86602540378444348 0 -0.49999999999999162 0 1 0 0.49999999999999162 0 0.86602540378444348</Rotation>
<Translation>-6.3606869703932595e-006 0.07199722766709403 -0.27900000000000003</Translation>
</Transform>
</Instance>
<Instance name="Vis_CHC_M4-16-7" uid="Vis_CHC_M4-16-7" entityUid="Vis_CHC_M4-16*:*ISO 4762 M4 x 12 --- 12C">
<Transform>
<Rotation>0 0.21377693217005939 -0.9768825022856934 1 0 0 0 -0.9768825022856934 -0.21377693217005939</Rotation>
<Translation>-6.3606869704054026e-006 0.07199722766709403 -0.30750000000000011</Translation>
</Transform>
</Instance>
<Instance name="Vis_CHC_M4-16-8" uid="Vis_CHC_M4-16-8" entityUid="Vis_CHC_M4-16*:*ISO 4762 M4 x 12 --- 12C">
<Transform>
<Rotation>0 -0.95289352957694873 0.30330499714047687 1 0 0 0 0.30330499714047687 0.95289352957694873</Rotation>
<Translation>-0.024688084694826858 0.07199722766709403 -0.26474999999999982</Translation>
</Transform>
</Instance>
<Instance name="Vis_CHC_M4-16-9" uid="Vis_CHC_M4-16-9" entityUid="Vis_CHC_M4-16*:*ISO 4762 M4 x 12 --- 12C">
<Transform>
<Rotation>0 0.73911659740689706 0.67357750514521408 1 0 0 0 0.67357750514521408 -0.73911659740689706</Rotation>
<Translation>0.024675363320886205 0.07199722766709403 -0.26475000000000026</Translation>
</Transform>
</Instance>
<Instance name="Ecrou Ö encoches, M 17-1" uid="Ecrou Ö encoches, M 17-1" entityUid="Ecrou Ö encoches, M 17*:*Défaut">
<Transform>
